mean_squared_error: 10.891537277819609
r2_score: 0.8001612624229534
