mean_squared_error: 10.004425245817279
r2_score: 0.8073553406173746
